1730485185604 0.8100497921075424 0
1730485186577 0.7416032907710172 1
1730485187817 0.6927092846155781 2
1730485188878 0.6509144198030101 3
1730485190275 0.6176845065627798 4
1730485191815 0.5891684462448956 5
1730485193159 0.5631850909834861 6
1730485194571 0.539223114392371 7
1730485196058 0.5161172374730401 8
1730485198248 0.4946299034899599 9
1730485199943 0.4751829120144291 10
1730485201644 0.4560616673499786 11
1730485203610 0.43815779305180813 12
1730485205420 0.4222857677328181 13
1730485207394 0.4075485396525363 14
1730485209377 0.3927365336029063 15
1730485211418 0.3792172228992006 16
1730485213844 0.3665117717566815 17
1730485216598 0.35367067532698804 18
1730485219303 0.34266249972364826 19
1730485221992 0.3312090346779742 20
1730485225274 0.32041459785800863 21
1730485228117 0.31002458828233065 22
1730485231272 0.2992621603407684 23
1730485234433 0.2905478904271065 24
1730485237642 0.28193127393856743 25
1730485240842 0.2719883476408452 26
1730485244369 0.26433487688605073 27
1730485247857 0.25555440071709673 28
1730485251159 0.24705248379841768 29
1730485254425 0.23928919537287388 30
1730485258273 0.23175631213679054 31
1730485261682 0.225195927992775 32
1730485265138 0.21846519594567385 33
1730485268836 0.21213135227668872 34
1730485272491 0.2058183887008587 35
1730485276256 0.1996348955599934 36
1730485280439 0.19356358378337477 37
1730485284532 0.18821053704797255 38
1730485288994 0.1819985620605525 39
1730485292944 0.17661030998454413 40
1730485297999 0.17147557179359504 41
1730485303341 0.16622590034161405 42
1730485309000 0.16165312449238328 43
1730485313288 0.15690889833187774 44
1730485317343 0.15228480111906093 45
1730485321507 0.14788944680630853 46
1730485325907 0.14366832393364484 47
1730485330662 0.13894750436673609 48
1730485335469 0.13480479117956415 49
1730485340687 0.13083592880058129 50
1730485345588 0.12677630404345086 51
1730485350863 0.12299847977038361 52
1730485355575 0.11959630434167459 53
1730485361494 0.11587804444054249 54
1730485367212 0.11247042278955272 55
1730485372492 0.10892773652927389 56
1730485377717 0.10621121218771248 57
1730485383466 0.103340821763989 58
1730485389650 0.10039499584689428 59
1730485395337 0.09790734568039722 60
1730485401011 0.09516373091298838 61
1730485406845 0.0925280486137056 62
1730485413344 0.0896330198886206 63
1730485420224 0.08723809247054158 64
1730485426905 0.0849212584036763 65
1730485433669 0.08241311405443814 66
1730485439878 0.07970819858429015 67
1730485446732 0.07736804360644774 68
1730485453293 0.07536121341876562 69
1730485460621 0.07322556725168587 70
1730485467454 0.07119894288945149 71
1730485474424 0.06898108570844776 72
1730485481568 0.06685177216969286 73
1730485488336 0.06487999834399596 74
1730485494572 0.06315541661845514 75
1730485501183 0.06134709651152604 76
1730485507842 0.059488371670366635 77
1730485514501 0.05740888275319174 78
1730485520838 0.05572614712174502 79
1730485527277 0.054209965673183126 80
1730485535391 0.0527986478137998 81
1730485543206 0.0512333027023258 82
1730485551092 0.04975410787795321 83
1730485559012 0.048499660298613544 84
1730485566435 0.047120694797724835 85
1730485573819 0.04578392683784292 86
1730485580524 0.04457182444542782 87
1730485587618 0.04334147924842353 88
1730485596088 0.04228258997543356 89
1730485604761 0.041086905368081676 90
1730485612943 0.03977635587917922 91
1730485621755 0.038611803739417076 92
1730485630784 0.037536309240623615 93
1730485639342 0.03636501125954178 94
1730485647339 0.03558343852414862 95
1730485655762 0.03450393810669264 96
1730485664792 0.033482415887239055 97
1730485674619 0.03281767321968757 98
1730485683343 0.03184171196880446 99
